1.574074074074074403e+00
1.569444444444444642e+00
1.564814814814814881e+00
1.560185185185185119e+00
1.555555555555555358e+00
1.550925925925925597e+00
1.546296296296295836e+00
1.541666666666666075e+00
1.537037037037036313e+00
1.532407407407406552e+00
1.527777777777776791e+00
1.523148148148147030e+00
1.518518518518517268e+00
1.513888888888889284e+00
1.509259259259259522e+00
1.504629629629629761e+00
1.500000000000000000e+00
1.495370370370370239e+00
1.490740740740740478e+00
1.486111111111110716e+00
1.481481481481480955e+00
1.476851851851851194e+00
1.472222222222221433e+00
1.467592592592591672e+00
1.462962962962961910e+00
1.458333333333332149e+00
1.453703703703704164e+00
1.449074074074074403e+00
1.444444444444444642e+00
1.439814814814814881e+00
1.435185185185185119e+00
1.430555555555555358e+00
1.425925925925925597e+00
1.421296296296295836e+00
1.416666666666666075e+00
1.412037037037036313e+00
1.407407407407406552e+00
1.402777777777776791e+00
1.398148148148147030e+00
1.393518518518519045e+00
1.388888888888889284e+00
1.384259259259259522e+00
1.379629629629629761e+00
1.375000000000000000e+00
1.370370370370370239e+00
1.365740740740740478e+00
1.361111111111110716e+00
1.356481481481480955e+00
1.351851851851851194e+00
1.347222222222222321e+00
1.342592592592592560e+00
1.337962962962962798e+00
1.333333333333333037e+00
1.328703703703703276e+00
1.324074074074074403e+00
1.319444444444442865e+00
1.314814814814814881e+00
1.310185185185185119e+00
1.305555555555556246e+00
1.300925925925924709e+00
1.296296296296295836e+00
1.291666666666666075e+00
1.287037037037037202e+00
1.282407407407407440e+00
1.277777777777777679e+00
1.273148148148147918e+00
1.268518518518518157e+00
1.263888888888888395e+00
1.259259259259258634e+00
1.254629629629629761e+00
1.250000000000000000e+00
1.245370370370370239e+00
1.240740740740740478e+00
1.236111111111110716e+00
1.231481481481480955e+00
1.226851851851852082e+00
1.222222222222222321e+00
1.217592592592592560e+00
1.212962962962962798e+00
1.208333333333333037e+00
1.203703703703703276e+00
1.199074074074073515e+00
1.194444444444444642e+00
1.189814814814814881e+00
1.185185185185185119e+00
1.180555555555555358e+00
1.175925925925925597e+00
1.171296296296296280e+00
1.166666666666666519e+00
1.162037037037037202e+00
1.157407407407407440e+00
1.152777777777778123e+00
1.148148148148147918e+00
1.143518518518518601e+00
1.138888888888888395e+00
1.134259259259259078e+00
1.129629629629628873e+00
1.125000000000000000e+00
1.120370370370370239e+00
1.115740740740740478e+00
1.111111111111111160e+00
1.106481481481481399e+00
1.101851851851851638e+00
1.097222222222222321e+00
1.092592592592592560e+00
1.087962962962962798e+00
1.083333333333333259e+00
1.078703703703703720e+00
1.074074074074073959e+00
1.069444444444444198e+00
1.064814814814814437e+00
1.060185185185185341e+00
1.055555555555555802e+00
1.050925925925925819e+00
1.046296296296296280e+00
1.041666666666666519e+00
1.037037037037036979e+00
1.032407407407407218e+00
1.027777777777777901e+00
1.023148148148148140e+00
1.018518518518518601e+00
1.013888888888888840e+00
1.009259259259259300e+00
1.004629629629629761e+00
1.000000000000000000e+00
9.953703703703703498e-01
9.907407407407406996e-01
9.861111111111110494e-01
9.814814814814815103e-01
9.768518518518518601e-01
9.722222222222220989e-01
9.675925925925926707e-01
9.629629629629630205e-01
9.583333333333333703e-01
9.537037037037037202e-01
9.490740740740742920e-01
9.444444444444444198e-01
9.398148148148148806e-01
9.351851851851853414e-01
9.305555555555556912e-01
9.259259259259259300e-01
9.212962962962962798e-01
9.166666666666667407e-01
9.120370370370372015e-01
9.074074074074074403e-01
9.027777777777779011e-01
8.981481481481485840e-01
8.935185185185183787e-01
8.888888888888886175e-01
8.842592592592595224e-01
8.796296296296297612e-01
8.750000000000000000e-01
8.703703703703706829e-01
8.657407407407409217e-01
8.611111111111111605e-01
8.564814814814813992e-01
8.518518518518520821e-01
8.472222222222223209e-01
